{
  "focal_len": 1100.0,
  "cx": 240.0,
  "cy": 240.0,
  "frames": [
    {
      "img_id": 0,
      "aud_id": 0,
      "transform_matrix": [
        [
          0.9999373555183411,
          0.009218377061188221,
          -0.0063497694209218025,
          0.013836340047419071
        ],
        [
          -0.00719368876889348,
          0.9638299942016602,
          0.26642075181007385,
          0.1800973266363144
        ],
        [
          0.008576064370572567,
          -0.2663583755493164,
          0.9638358950614929,
          0.6447063088417053
        ],
        [
          0.0,
          0.0,
          0.0,
          1.0
        ]
      ]
    },
    {
      "img_id": 1,
      "aud_id": 1,
      "transform_matrix": [
        [
          0.9998565316200256,
          0.014176316559314728,
          -0.009271220304071903,
          0.011781185865402222
        ],
        [
          -0.011129257269203663,
          0.9624139666557312,
          0.2713586091995239,
          0.18280330300331116
        ],
        [
          0.012769618071615696,
          -0.2712165117263794,
          0.9624336361885071,
          0.6426261067390442
        ],
        [
          0.0,
          0.0,
          0.0,
          1.0
        ]
      ]
    },
    {
      "img_id": 2,
      "aud_id": 2,
      "transform_matrix": [
        [
          0.9997893571853638,
          0.01727050356566906,
          -0.011086000129580498,
          0.010611336678266525
        ],
        [
          -0.01364623848348856,
          0.9629249572753906,
          0.2694239318370819,
          0.18106119334697723
        ],
        [
          0.015328074805438519,
          -0.2692159414291382,
          0.9629578590393066,
          0.641503632068634
        ],
        [
          0.0,
          0.0,
          0.0,
          1.0
        ]
      ]
    },
    {
      "img_id": 3,
      "aud_id": 3,
      "transform_matrix": [
        [
          0.9997259974479675,
          0.018740730360150337,
          -0.014024438336491585,
          0.008873279206454754
        ],
        [
          -0.014331750571727753,
          0.9637911319732666,
          0.26627278327941895,
          0.17883743345737457
        ],
        [
          0.01850677654147148,
          -0.26599881052970886,
          0.9637957215309143,
          0.6406990885734558
        ],
        [
          0.0,
          0.0,
          0.0,
          1.0
        ]
      ]
    },
    {
      "img_id": 4,
      "aud_id": 4,
      "transform_matrix": [
        [
          0.9995867609977722,
          0.023930028080940247,
          -0.015929386019706726,
          0.007615233771502972
        ],
        [
          -0.01876758597791195,
          0.9629727005958557,
          0.2689451575279236,
          0.17999529838562012
        ],
        [
          0.02177542634308338,
          -0.2685350477695465,
          0.9630237817764282,
          0.6391831636428833
        ],
        [
          0.0,
          0.0,
          0.0,
          1.0
        ]
      ]
    },
    {
      "img_id": 5,
      "aud_id": 5,
      "transform_matrix": [
        [
          0.9995763897895813,
          0.02260107919573784,
          -0.01833738572895527,
          0.006262605078518391
        ],
        [
          -0.016757609322667122,
          0.9620669484138489,
          0.2722984254360199,
          0.18155185878276825
        ],
        [
          0.02379602938890457,
          -0.2718757688999176,
          0.9620380997657776,
          0.6375176310539246
        ],
        [
          0.0,
          0.0,
          0.0,
          1.0
        ]
      ]
    },
    {
      "img_id": 6,
      "aud_id": 6,
      "transform_matrix": [
        [
          0.9995620846748352,
          0.023396218195557594,
          -0.01811816170811653,
          0.006257621571421623
        ],
        [
          -0.017477765679359436,
          0.9608482122421265,
          0.2765236794948578,
          0.1835370510816574
        ],
        [
          0.02387840859591961,
          -0.27608591318130493,
          0.9608362913131714,
          0.6359871625900269
        ],
        [
          0.0,
          0.0,
          0.0,
          1.0
        ]
      ]
    },
    {
      "img_id": 7,
      "aud_id": 7,
      "transform_matrix": [
        [
          0.9996219277381897,
          0.02324015460908413,
          -0.014694741927087307,
          0.008395730517804623
        ],
        [
          -0.018394481390714645,
          0.9624485373497009,
          0.2708401679992676,
          0.1790841668844223
        ],
        [
          0.020437300205230713,
          -0.27046748995780945,
          0.962512195110321,
          0.6357263922691345
        ],
        [
          0.0,
          0.0,
          0.0,
          1.0
        ]
      ]
    },
    {
      "img_id": 8,
      "aud_id": 8,
      "transform_matrix": [
        [
          0.9997591376304626,
          0.01770196296274662,
          -0.012970125302672386,
          0.010034681297838688
        ],
        [
          -0.013664553873240948,
          0.9646276235580444,
          0.2632618844509125,
          0.17363573610782623
        ],
        [
          0.017171593382954597,
          -0.26302123069763184,
          0.9646372199058533,
          0.6358481049537659
        ],
        [
          0.0,
          0.0,
          0.0,
          1.0
        ]
      ]
    },
    {
      "img_id": 9,
      "aud_id": 9,
      "transform_matrix": [
        [
          0.9997603893280029,
          0.016421262174844742,
          -0.014475258998572826,
          0.009105773642659187
        ],
        [
          -0.011938377283513546,
          0.9632799029350281,
          0.26823386549949646,
          0.17652440071105957
        ],
        [
          0.018348462879657745,
          -0.26799678802490234,
          0.9632450938224792,
          0.6346142888069153
        ],
        [
          0.0,
          0.0,
          0.0,
          1.0
        ]
      ]
    },
    {
      "img_id": 10,
      "aud_id": 10,
      "transform_matrix": [
        [
          0.9997727274894714,
          0.013989729806780815,
          -0.016085226088762283,
          0.007977599278092384
        ],
        [
          -0.009139624424278736,
          0.9629711508750916,
          0.2694495916366577,
          0.17711582779884338
        ],
        [
          0.0192591343075037,
          -0.2692413628101349,
          0.9628801345825195,
          0.6335009336471558
        ],
        [
          0.0,
          0.0,
          0.0,
          1.0
        ]
      ]
    },
    {
      "img_id": 11,
      "aud_id": 11,
      "transform_matrix": [
        [
          0.999669075012207,
          0.01616489328444004,
          -0.020011087879538536,
          0.005081254057586193
        ],
        [
          -0.009961439296603203,
          0.9604634046554565,
          0.2782280445098877,
          0.18280604481697083
        ],
        [
          0.023717444390058517,
          -0.2779366374015808,
          0.9603065848350525,
          0.6308838129043579
        ],
        [
          0.0,
          0.0,
          0.0,
          1.0
        ]
      ]
    },
    {
      "img_id": 12,
      "aud_id": 12,
      "transform_matrix": [
        [
          0.9996395111083984,
          0.017930706962943077,
          -0.01997968927025795,
          0.004741598851978779
        ],
        [
          -0.011507813818752766,
          0.9585997462272644,
          0.28452423214912415,
          0.1868976652622223
        ],
        [
          0.024254245683550835,
          -0.284191757440567,
          0.9584606289863586,
          0.6285730004310608
        ],
        [
          0.0,
          0.0,
          0.0,
          1.0
        ]
      ]
    },
    {
      "img_id": 13,
      "aud_id": 13,
      "transform_matrix": [
        [
          0.9997437000274658,
          0.011785313487052917,
          -0.019329439848661423,
          0.005236541852355003
        ],
        [
          -0.005662743002176285,
          0.9568532109260559,
          0.29051661491394043,
          0.19075776636600494
        ],
        [
          0.021919267252087593,
          -0.29033270478248596,
          0.9566746950149536,
          0.6263023614883423
        ],
        [
          0.0,
          0.0,
          0.0,
          1.0
        ]
      ]
    },
    {
      "img_id": 14,
      "aud_id": 14,
      "transform_matrix": [
        [
          0.9997613430023193,
          0.01115466095507145,
          -0.01878374256193638,
          0.005217866972088814
        ],
        [
          -0.005182420834898949,
          0.9563722610473633,
          0.29210495948791504,
          0.19180434942245483
        ],
        [
          0.02122258022427559,
          -0.2919378876686096,
          0.9562017917633057,
          0.6242196559906006
        ],
        [
          0.0,
          0.0,
          0.0,
          1.0
        ]
      ]
    },
    {
      "img_id": 15,
      "aud_id": 15,
      "transform_matrix": [
        [
          0.999859094619751,
          0.005467284005135298,
          -0.01586996577680111,
          0.007255224511027336
        ],
        [
          -0.0004470611456781626,
          0.9538054466247559,
          0.3004245460033417,
          0.19710353016853333
        ],
        [
          0.01677936688065529,
          -0.3003751337528229,
          0.9536735415458679,
          0.6210576891899109
        ],
        [
          0.0,
          0.0,
          0.0,
          1.0
        ]
      ]
    },
    {
      "img_id": 16,
      "aud_id": 16,
      "transform_matrix": [
        [
          0.9998723268508911,
          0.0032836187165230513,
          -0.015638764947652817,
          0.007306034676730633
        ],
        [
          0.001763140200637281,
          0.9500151872634888,
          0.3121987283229828,
          0.2045513242483139
        ],
        [
          0.015882205218076706,
          -0.31218644976615906,
          0.9498881101608276,
          0.6174347400665283
        ],
        [
          0.0,
          0.0,
          0.0,
          1.0
        ]
      ]
    },
    {
      "img_id": 17,
      "aud_id": 17,
      "transform_matrix": [
        [
          0.9998281598091125,
          0.003943978808820248,
          -0.018112560734152794,
          0.00568267609924078
        ],
        [
          0.002215264830738306,
          0.9446796774864197,
          0.32798677682876587,
          0.2150445431470871
        ],
        [
          0.018404141068458557,
          -0.3279705345630646,
          0.9445086121559143,
          0.6129919290542603
        ],
        [
          0.0,
          0.0,
          0.0,
          1.0
        ]
      ]
    },
    {
      "img_id": 18,
      "aud_id": 18,
      "transform_matrix": [
        [
          0.9997434020042419,
          0.00766907911747694,
          -0.0213156845420599,
          0.0033983709290623665
        ],
        [
          -2.9583990908577107e-05,
          0.9413928389549255,
          0.33731216192245483,
          0.22113868594169617
        ],
        [
          0.022653307765722275,
          -0.3372249901294708,
          0.94115149974823,
          0.6100938320159912
        ],
        [
          0.0,
          0.0,
          0.0,
          1.0
        ]
      ]
    },
    {
      "img_id": 19,
      "aud_id": 19,
      "transform_matrix": [
        [
          0.9997474551200867,
          0.007668154779821634,
          -0.021124064922332764,
          0.003493664786219597
        ],
        [
          5.4139734857017174e-05,
          0.9391591548919678,
          0.3434823751449585,
          0.22523298859596252
        ],
        [
          0.02247273363173008,
          -0.34339675307273865,
          0.9389215707778931,
          0.6079359650611877
        ],
        [
          0.0,
          0.0,
          0.0,
          1.0
        ]
      ]
    },
    {
      "img_id": 20,
      "aud_id": 20,
      "transform_matrix": [
        [
          0.999770998954773,
          0.0017922925762832165,
          -0.021325690671801567,
          0.003967703320086002
        ],
        [
          0.005641094408929348,
          0.9391750693321228,
          0.34339234232902527,
          0.22522778809070587
        ],
        [
          0.020644016563892365,
          -0.34343400597572327,
          0.9389499425888062,
          0.6071019172668457
        ],
        [
          0.0,
          0.0,
          0.0,
          1.0
        ]
      ]
    },
    {
      "img_id": 21,
      "aud_id": 21,
      "transform_matrix": [
        [
          0.9997146725654602,
          -0.0039670770056545734,
          -0.023552924394607544,
          0.003214854747056961
        ],
        [
          0.011774866841733456,
          0.9398097395896912,
          0.34149518609046936,
          0.22434592247009277
        ],
        [
          0.0207805298268795,
          -0.34167513251304626,
          0.9395883679389954,
          0.6069058179855347
        ],
        [
          0.0,
          0.0,
          0.0,
          1.0
        ]
      ]
    },
    {
      "img_id": 22,
      "aud_id": 22,
      "transform_matrix": [
        [
          0.9997761845588684,
          0.005170540884137154,
          -0.020513327792286873,
          0.0047875065356493
        ],
        [
          0.001971297664567828,
          0.9426818490028381,
          0.3336870074272156,
          0.21940484642982483
        ],
        [
          0.021062884479761124,
          -0.3336527943611145,
          0.9424606561660767,
          0.6078152060508728
        ],
        [
          0.0,
          0.0,
          0.0,
          1.0
        ]
      ]
    },
    {
      "img_id": 23,
      "aud_id": 23,
      "transform_matrix": [
        [
          0.999762773513794,
          0.00988306850194931,
          -0.019408442080020905,
          0.005519319325685501
        ],
        [
          -0.0030500947032123804,
          0.9458688497543335,
          0.3245348334312439,
          0.21368078887462616
        ],
        [
          0.021565239876508713,
          -0.3243986666202545,
          0.9456745982170105,
          0.6092318892478943
        ],
        [
          0.0,
          0.0,
          0.0,
          1.0
        ]
      ]
    },
    {
      "img_id": 24,
      "aud_id": 24,
      "transform_matrix": [
        [
          0.9997879862785339,
          0.006919772829860449,
          -0.01939554698765278,
          0.006047739647328854
        ],
        [
          -0.0001751515519572422,
          0.9446761012077332,
          0.3280046284198761,
          0.21590229868888855
        ],
        [
          0.020592227578163147,
          -0.3279317021369934,
          0.9444770216941833,
          0.6090667843818665
        ],
        [
          0.0,
          0.0,
          0.0,
          1.0
        ]
      ]
    },
    {
      "img_id": 25,
      "aud_id": 25,
      "transform_matrix": [
        [
          0.9997949004173279,
          0.004261753987520933,
          -0.019799381494522095,
          0.006100337021052837
        ],
        [
          0.0024876687675714493,
          0.9443651437759399,
          0.3288895785808563,
          0.21647286415100098
        ],
        [
          0.020099490880966187,
          -0.32887136936187744,
          0.9441608786582947,
          0.6090821623802185
        ],
        [
          0.0,
          0.0,
          0.0,
          1.0
        ]
      ]
    },
    {
      "img_id": 26,
      "aud_id": 26,
      "transform_matrix": [
        [
          0.999790608882904,
          0.004534807987511158,
          -0.019953159615397453,
          0.006164388731122017
        ],
        [
          0.00248477584682405,
          0.9410098195075989,
          0.3383701741695404,
          0.2229408621788025
        ],
        [
          0.02031056396663189,
          -0.3383488953113556,
          0.9408015012741089,
          0.6074352860450745
        ],
        [
          0.0,
          0.0,
          0.0,
          1.0
        ]
      ]
    },
    {
      "img_id": 27,
      "aud_id": 27,
      "transform_matrix": [
        [
          0.9997496604919434,
          0.003614767687395215,
          -0.0220799520611763,
          0.00496689323335886
        ],
        [
          0.004026899579912424,
          0.9416760802268982,
          0.3364967405796051,
          0.22186201810836792
        ],
        [
          0.022008517757058144,
          -0.33650141954421997,
          0.9414257407188416,
          0.6078894734382629
        ],
        [
          0.0,
          0.0,
          0.0,
          1.0
        ]
      ]
    },
    {
      "img_id": 28,
      "aud_id": 28,
      "transform_matrix": [
        [
          0.9996911287307739,
          0.0007762839086353779,
          -0.024839164689183235,
          0.003623979166150093
        ],
        [
          0.007707804441452026,
          0.9405359029769897,
          0.33960673213005066,
          0.22388796508312225
        ],
        [
          0.023625757545232773,
          -0.3396933078765869,
          0.9402394890785217,
          0.6074854135513306
        ],
        [
          0.0,
          0.0,
          0.0,
          1.0
        ]
      ]
    },
    {
      "img_id": 29,
      "aud_id": 29,
      "transform_matrix": [
        [
          0.9997444748878479,
          0.005396567285060883,
          -0.021953947842121124,
          0.0052411723881959915
        ],
        [
          0.0023286861833184958,
          0.9413445591926575,
          0.33743909001350403,
          0.22248110175132751
        ],
        [
          0.02248723991215229,
          -0.33740395307540894,
          0.9410913586616516,
          0.6078539490699768
        ],
        [
          0.0,
          0.0,
          0.0,
          1.0
        ]
      ]
    },
    {
      "img_id": 30,
      "aud_id": 30,
      "transform_matrix": [
        [
          0.9997750520706177,
          0.004671069327741861,
          -0.020690666511654854,
          0.0061365095898509026
        ],
        [
          0.0026640307623893023,
          0.9400758743286133,
          0.3409551978111267,
          0.22473393380641937
        ],
        [
          0.02104341983795166,
          -0.34093359112739563,
          0.9398518800735474,
          0.6072371602058411
        ],
        [
          0.0,
          0.0,
          0.0,
          1.0
        ]
      ]
    },
    {
      "img_id": 31,
      "aud_id": 31,
      "transform_matrix": [
        [
          0.9997847080230713,
          0.0018943306058645248,
          -0.020663775503635406,
          0.006409564055502415
        ],
        [
          0.005201465450227261,
          0.9411518573760986,
          0.33794400095939636,
          0.22282294929027557
        ],
        [
          0.02008792757987976,
          -0.33797869086265564,
          0.9409393668174744,
          0.607734739780426
        ],
        [
          0.0,
          0.0,
          0.0,
          1.0
        ]
      ]
    },
    {
      "img_id": 32,
      "aud_id": 32,
      "transform_matrix": [
        [
          0.9997514486312866,
          -0.00263776583597064,
          -0.02213919721543789,
          0.0059153297916054726
        ],
        [
          0.010031666606664658,
          0.9400067329406738,
          0.3410085439682007,
          0.22450169920921326
        ],
        [
          0.019911494106054306,
          -0.3411458432674408,
          0.9397994875907898,
          0.6074839234352112
        ],
        [
          0.0,
          0.0,
          0.0,
          1.0
        ]
      ]
    },
    {
      "img_id": 33,
      "aud_id": 33,
      "transform_matrix": [
        [
          0.9997339248657227,
          -0.004393107257783413,
          -0.0226436797529459,
          0.005823427811264992
        ],
        [
          0.011907345615327358,
          0.9390666484832764,
          0.3435288965702057,
          0.22592175006866455
        ],
        [
          0.019754763692617416,
          -0.3437071144580841,
          0.9388691186904907,
          0.607006847858429
        ],
        [
          0.0,
          0.0,
          0.0,
          1.0
        ]
      ]
    },
    {
      "img_id": 34,
      "aud_id": 34,
      "transform_matrix": [
        [
          0.9996814131736755,
          -0.0037554572336375713,
          -0.024959798902273178,
          0.004475468769669533
        ],
        [
          0.01206868328154087,
          0.9396244287490845,
          0.3419947028160095,
          0.22487862408161163
        ],
        [
          0.022168487310409546,
          -0.34218698740005493,
          0.939370334148407,
          0.6072689294815063
        ],
        [
          0.0,
          0.0,
          0.0,
          1.0
        ]
      ]
    },
    {
      "img_id": 35,
      "aud_id": 35,
      "transform_matrix": [
        [
          0.999699056148529,
          -0.0025975932367146015,
          -0.02439274825155735,
          0.005115285515785217
        ],
        [
          0.010774126276373863,
          0.9398279786109924,
          0.3414783179759979,
          0.22418084740638733
        ],
        [
          0.022037964314222336,
          -0.34163835644721985,
          0.9395730495452881,
          0.6075159311294556
        ],
        [
          0.0,
          0.0,
          0.0,
          1.0
        ]
      ]
    },
    {
      "img_id": 36,
      "aud_id": 36,
      "transform_matrix": [
        [
          0.9997369647026062,
          -6.066635251045227e-05,
          -0.022935304790735245,
          0.006288472563028336
        ],
        [
          0.0076364134438335896,
          0.9438204765319824,
          0.3303704857826233,
          0.21676737070083618
        ],
        [
          0.02162676490843296,
          -0.33045870065689087,
          0.9435727000236511,
          0.6097123026847839
        ],
        [
          0.0,
          0.0,
          0.0,
          1.0
        ]
      ]
    },
    {
      "img_id": 37,
      "aud_id": 37,
      "transform_matrix": [
        [
          0.9997420907020569,
          0.0019451221451163292,
          -0.02262710966169834,
          0.006618860177695751
        ],
        [
          0.0056630526669323444,
          0.9435014128684998,
          0.3313201367855072,
          0.21745751798152924
        ],
        [
          0.02199316769838333,
          -0.3313628137111664,
          0.9432470202445984,
          0.6098421812057495
        ],
        [
          0.0,
          0.0,
          0.0,
          1.0
        ]
      ]
    },
    {
      "img_id": 38,
      "aud_id": 38,
      "transform_matrix": [
        [
          0.9997677803039551,
          0.0041294945403933525,
          -0.021148832514882088,
          0.007889561355113983
        ],
        [
          0.003254549577832222,
          0.9412685632705688,
          0.3376431167125702,
          0.22205965220928192
        ],
        [
          0.0213010273873806,
          -0.33763355016708374,
          0.941036581993103,
          0.6089151501655579
        ],
        [
          0.0,
          0.0,
          0.0,
          1.0
        ]
      ]
    },
    {
      "img_id": 39,
      "aud_id": 39,
      "transform_matrix": [
        [
          0.9997549653053284,
          0.004034165292978287,
          -0.021764198318123817,
          0.0075304461643099785
        ],
        [
          0.003653249004855752,
          0.9396948218345642,
          0.34199458360671997,
          0.22555023431777954
        ],
        [
          0.021831367164850235,
          -0.34199029207229614,
          0.9394497871398926,
          0.6082789897918701
        ],
        [
          0.0,
          0.0,
          0.0,
          1.0
        ]
      ]
    },
    {
      "img_id": 40,
      "aud_id": 40,
      "transform_matrix": [
        [
          0.9997777342796326,
          0.0023226155899465084,
          -0.020955409854650497,
          0.008317209780216217
        ],
        [
          0.005061288829892874,
          0.9384114742279053,
          0.3454827666282654,
          0.22865530848503113
        ],
        [
          0.02046721987426281,
          -0.3455120325088501,
          0.9381911754608154,
          0.6078336834907532
        ],
        [
          0.0,
          0.0,
          0.0,
          1.0
        ]
      ]
    },
    {
      "img_id": 41,
      "aud_id": 41,
      "transform_matrix": [
        [
          0.999748170375824,
          0.002175713423639536,
          -0.022336047142744064,
          0.0073848385363817215
        ],
        [
          0.005971094593405724,
          0.9336238503456116,
          0.35820522904396057,
          0.23762229084968567
        ],
        [
          0.021632816642522812,
          -0.35824835300445557,
          0.9333757162094116,
          0.6058635711669922
        ],
        [
          0.0,
          0.0,
          0.0,
          1.0
        ]
      ]
    },
    {
      "img_id": 42,
      "aud_id": 42,
      "transform_matrix": [
        [
          0.9996926784515381,
          0.0016161841340363026,
          -0.024737918749451637,
          0.005815906450152397
        ],
        [
          0.0075112152844667435,
          0.9312212467193604,
          0.3643771708011627,
          0.2424517422914505
        ],
        [
          0.02362537384033203,
          -0.36445099115371704,
          0.93092280626297,
          0.6049317121505737
        ],
        [
          0.0,
          0.0,
          0.0,
          1.0
        ]
      ]
    },
    {
      "img_id": 43,
      "aud_id": 43,
      "transform_matrix": [
        [
          0.9996326565742493,
          0.0017462149262428284,
          -0.0270477794110775,
          0.004275267943739891
        ],
        [
          0.008178047835826874,
          0.9319815039634705,
          0.36241358518600464,
          0.24156008660793304
        ],
        [
          0.0258408822119236,
          -0.3625016510486603,
          0.9316248297691345,
          0.6056520938873291
        ],
        [
          0.0,
          0.0,
          0.0,
          1.0
        ]
      ]
    },
    {
      "img_id": 44,
      "aud_id": 44,
      "transform_matrix": [
        [
          0.9995737075805664,
          0.002817241009324789,
          -0.029059937223792076,
          0.0030577238649129868
        ],
        [
          0.007861888967454433,
          0.93259596824646,
          0.3608364462852478,
          0.240813210606575
        ],
        [
          0.028117744252085686,
          -0.360911101102829,
          0.9321762323379517,
          0.6062237024307251
        ],
        [
          0.0,
          0.0,
          0.0,
          1.0
        ]
      ]
    },
    {
      "img_id": 45,
      "aud_id": 45,
      "transform_matrix": [
        [
          0.9995896816253662,
          0.007392077706754208,
          -0.027674803510308266,
          0.004105409607291222
        ],
        [
          0.0030750753358006477,
          0.932854950428009,
          0.3602392375469208,
          0.24059098958969116
        ],
        [
          0.02847949042916298,
          -0.3601765036582947,
          0.9324494004249573,
          0.6062372922897339
        ],
        [
          0.0,
          0.0,
          0.0,
          1.0
        ]
      ]
    },
    {
      "img_id": 46,
      "aud_id": 46,
      "transform_matrix": [
        [
          0.9996224641799927,
          0.008507966995239258,
          -0.026126539334654808,
          0.005251111462712288
        ],
        [
          0.0014282484771683812,
          0.9334793090820312,
          0.35862845182418823,
          0.2392449826002121
        ],
        [
          0.0274397823959589,
          -0.3585303723812103,
          0.9331147074699402,
          0.6063478589057922
        ],
        [
          0.0,
          0.0,
          0.0,
          1.0
        ]
      ]
    },
    {
      "img_id": 47,
      "aud_id": 47,
      "transform_matrix": [
        [
          0.9996205568313599,
          0.004248976241797209,
          -0.027216695249080658,
          0.004812847822904587
        ],
        [
          0.005768214352428913,
          0.9338401556015015,
          0.35764411091804504,
          0.23816685378551483
        ],
        [
          0.02693566121160984,
          -0.35766538977622986,
          0.9334613084793091,
          0.6060270667076111
        ],
        [
          0.0,
          0.0,
          0.0,
          1.0
        ]
      ]
    },
    {
      "img_id": 48,
      "aud_id": 48,
      "transform_matrix": [
        [
          0.9995841383934021,
          0.002564108930528164,
          -0.02872135303914547,
          0.004094287753105164
        ],
        [
          0.007768651004880667,
          0.9352635145187378,
          0.35386696457862854,
          0.2354586124420166
        ],
        [
          0.027769388630986214,
          -0.3539429306983948,
          0.9348546862602234,
          0.6062638163566589
        ],
        [
          0.0,
          0.0,
          0.0,
          1.0
        ]
      ]
    },
    {
      "img_id": 49,
      "aud_id": 49,
      "transform_matrix": [
        [
          0.9994932413101196,
          0.0060478197410702705,
          -0.03125268965959549,
          0.0024865809828042984
        ],
        [
          0.005237089470028877,
          0.9371668696403503,
          0.348842054605484,
          0.23169542849063873
        ],
        [
          0.0313987210392952,
          -0.3488289415836334,
          0.9366602897644043,
          0.6066230535507202
        ],
        [
          0.0,
          0.0,
          0.0,
          1.0
        ]
      ]
    },
    {
      "img_id": 50,
      "aud_id": 50,
      "transform_matrix": [
        [
          0.9994863271713257,
          0.008244123309850693,
          -0.0309689249843359,
          0.0027602072805166245
        ],
        [
          0.0031102816574275494,
          0.9368301630020142,
          0.34977084398269653,
          0.23169484734535217
        ],
        [
          0.03189617395401001,
          -0.34968748688697815,
          0.9363232851028442,
          0.6059751510620117
        ],
        [
          0.0,
          0.0,
          0.0,
          1.0
        ]
      ]
    },
    {
      "img_id": 51,
      "aud_id": 51,
      "transform_matrix": [
        [
          0.9994789361953735,
          0.01164447795599699,
          -0.030103551223874092,
          0.0032570958137512207
        ],
        [
          -0.00038214714732021093,
          0.9368605613708496,
          0.3497030436992645,
          0.23130802810192108
        ],
        [
          0.032274939119815826,
          -0.3495093286037445,
          0.9363768100738525,
          0.6056509017944336
        ],
        [
          0.0,
          0.0,
          0.0,
          1.0
        ]
      ]
    },
    {
      "img_id": 52,
      "aud_id": 52,
      "transform_matrix": [
        [
          0.9995556473731995,
          0.015381796285510063,
          -0.02553267404437065,
          0.005909452214837074
        ],
        [
          -0.005284503102302551,
          0.9344460964202881,
          0.35606545209884644,
          0.23522430658340454
        ],
        [
          0.029335834085941315,
          -0.35577231645584106,
          0.9341121315956116,
          0.6041976809501648
        ],
        [
          0.0,
          0.0,
          0.0,
          1.0
        ]
      ]
    },
    {
      "img_id": 53,
      "aud_id": 53,
      "transform_matrix": [
        [
          0.9996813535690308,
          0.013540340587496758,
          -0.0213011484593153,
          0.008510026149451733
        ],
        [
          -0.0050209891051054,
          0.9337438941001892,
          0.3579065799713135,
          0.23637931048870087
        ],
        [
          0.02473599463701248,
          -0.3576855957508087,
          0.933514416217804,
          0.6036369204521179
        ],
        [
          0.0,
          0.0,
          0.0,
          1.0
        ]
      ]
    },
    {
      "img_id": 54,
      "aud_id": 54,
      "transform_matrix": [
        [
          0.9996991157531738,
          0.012487840838730335,
          -0.021113408729434013,
          0.008589820936322212
        ],
        [
          -0.004172760061919689,
          0.9347456693649292,
          0.3552931547164917,
          0.23491524159908295
        ],
        [
          0.02417251095175743,
          -0.355098158121109,
          0.9345164895057678,
          0.6044667363166809
        ],
        [
          0.0,
          0.0,
          0.0,
          1.0
        ]
      ]
    },
    {
      "img_id": 55,
      "aud_id": 55,
      "transform_matrix": [
        [
          0.9997183084487915,
          0.012851365841925144,
          -0.019954180344939232,
          0.009372079744935036
        ],
        [
          -0.005079089663922787,
          0.9370869994163513,
          0.3490591049194336,
          0.2311004400253296
        ],
        [
          0.02318468689918518,
          -0.34885939955711365,
          0.9368882179260254,
          0.6061396598815918
        ],
        [
          0.0,
          0.0,
          0.0,
          1.0
        ]
      ]
    },
    {
      "img_id": 56,
      "aud_id": 56,
      "transform_matrix": [
        [
          0.9996462464332581,
          0.008678549900650978,
          -0.02514115534722805,
          0.006470225751399994
        ],
        [
          0.0006586925010196865,
          0.9368983507156372,
          0.34960120916366577,
          0.23136770725250244
        ],
        [
          0.026588737964630127,
          -0.3494941294193268,
          0.9365612268447876,
          0.6063331961631775
        ],
        [
          0.0,
          0.0,
          0.0,
          1.0
        ]
      ]
    },
    {
      "img_id": 57,
      "aud_id": 57,
      "transform_matrix": [
        [
          0.9996406435966492,
          0.0066641271114349365,
          -0.025963187217712402,
          0.005978027358651161
        ],
        [
          0.0028831351082772017,
          0.9362508654594421,
          0.3513202965259552,
          0.232449010014534
        ],
        [
          0.026649300009012222,
          -0.3512689173221588,
          0.9358952641487122,
          0.6062173843383789
        ],
        [
          0.0,
          0.0,
          0.0,
          1.0
        ]
      ]
    },
    {
      "img_id": 58,
      "aud_id": 58,
      "transform_matrix": [
        [
          0.9996942281723022,
          0.00908940564841032,
          -0.022996844723820686,
          0.00744785089045763
        ],
        [
          -0.00043584065861068666,
          0.9363257884979248,
          0.3511323928833008,
          0.23226910829544067
        ],
        [
          0.024724120274186134,
          -0.35101497173309326,
          0.936043381690979,
          0.6066526770591736
        ],
        [
          0.0,
          0.0,
          0.0,
          1.0
        ]
      ]
    },
    {
      "img_id": 59,
      "aud_id": 59,
      "transform_matrix": [
        [
          0.9997239112854004,
          0.0017744326032698154,
          -0.023430462926626205,
          0.007406983524560928
        ],
        [
          0.006496059708297253,
          0.9374111890792847,
          0.34816378355026245,
          0.23021656274795532
        ],
        [
          0.02258177287876606,
          -0.3482198715209961,
          0.9371408820152283,
          0.6074396371841431
        ],
        [
          0.0,
          0.0,
          0.0,
          1.0
        ]
      ]
    },
    {
      "img_id": 60,
      "aud_id": 60,
      "transform_matrix": [
        [
          0.999779999256134,
          0.00015559187158942223,
          -0.020974185317754745,
          0.008885216899216175
        ],
        [
          0.006955476012080908,
          0.9409306645393372,
          0.3385279178619385,
          0.22389401495456696
        ],
        [
          0.019787926226854324,
          -0.3385993242263794,
          0.9407225847244263,
          0.609682559967041
        ],
        [
          0.0,
          0.0,
          0.0,
          1.0
        ]
      ]
    },
    {
      "img_id": 61,
      "aud_id": 61,
      "transform_matrix": [
        [
          0.9998030066490173,
          0.0013430933468043804,
          -0.01980389654636383,
          0.009619470685720444
        ],
        [
          0.005308334715664387,
          0.9432768225669861,
          0.3319648504257202,
          0.2192690074443817
        ],
        [
          0.019126415252685547,
          -0.332004576921463,
          0.9430838227272034,
          0.6116530299186707
        ],
        [
          0.0,
          0.0,
          0.0,
          1.0
        ]
      ]
    },
    {
      "img_id": 62,
      "aud_id": 62,
      "transform_matrix": [
        [
          0.999821662902832,
          0.006081403233110905,
          -0.01787874661386013,
          0.010910417884588242
        ],
        [
          -3.6599433315132046e-06,
          0.946792721748352,
          0.32184404134750366,
          0.21262218058109283
        ],
        [
          0.018884731456637383,
          -0.3217865824699402,
          0.9466238617897034,
          0.6141916513442993
        ],
        [
          0.0,
          0.0,
          0.0,
          1.0
        ]
      ]
    },
    {
      "img_id": 63,
      "aud_id": 63,
      "transform_matrix": [
        [
          0.9997456073760986,
          0.010986403562128544,
          -0.019698651507496834,
          0.009683231823146343
        ],
        [
          -0.004112419206649065,
          0.9474998712539673,
          0.31972965598106384,
          0.21095189452171326
        ],
        [
          0.02217714861035347,
          -0.31956732273101807,
          0.9473040103912354,
          0.6153729557991028
        ],
        [
          0.0,
          0.0,
          0.0,
          1.0
        ]
      ]
    },
    {
      "img_id": 64,
      "aud_id": 64,
      "transform_matrix": [
        [
          0.9996844530105591,
          0.010126614011824131,
          -0.022986391559243202,
          0.007777957245707512
        ],
        [
          -0.0023353116121143103,
          0.9486372470855713,
          0.3163571059703827,
          0.2084449827671051
        ],
        [
          0.02500937692821026,
          -0.31620359420776367,
          0.9483615756034851,
          0.6160851120948792
        ],
        [
          0.0,
          0.0,
          0.0,
          1.0
        ]
      ]
    },
    {
      "img_id": 65,
      "aud_id": 65,
      "transform_matrix": [
        [
          0.999664843082428,
          0.010657314211130142,
          -0.023594070225954056,
          0.00731282401829958
        ],
        [
          -0.0026788690593093634,
          0.9490312933921814,
          0.31517043709754944,
          0.2067507654428482
        ],
        [
          0.025750380009412766,
          -0.31500160694122314,
          0.9487417340278625,
          0.6157380938529968
        ],
        [
          0.0,
          0.0,
          0.0,
          1.0
        ]
      ]
    },
    {
      "img_id": 66,
      "aud_id": 66,
      "transform_matrix": [
        [
          0.9996797442436218,
          0.010594826191663742,
          -0.022982295602560043,
          0.007563125342130661
        ],
        [
          -0.002766406163573265,
