{
  "focal_len": 1100.0,
  "cx": 236.0,
  "cy": 236.0,
  "frames": [
    {
      "img_id": 0,
      "aud_id": 0,
      "transform_matrix": [
        [
          0.9998273253440857,
          -0.016018010675907135,
          -0.009422761388123035,
          -0.006708965636789799
        ],
        [
          0.01778307743370533,
          0.9718835353851318,
          0.23478952050209045,
          0.1839166283607483
        ],
        [
          0.005396965891122818,
          -0.234916552901268,
          0.9720005989074707,
          1.0309337377548218
        ],
        [
          0.0,
          0.0,
          0.0,
          1.0
        ]
      ]
    },
    {
      "img_id": 1,
      "aud_id": 1,
      "transform_matrix": [
        [
          0.999873697757721,
          -0.012934250757098198,
          -0.009238612838089466,
          -0.006803495809435844
        ],
        [
          0.014714084565639496,
          0.9730300307273865,
          0.23020903766155243,
          0.17859163880348206
        ],
        [
          0.006011865101754665,
          -0.2303158938884735,
          0.9730973839759827,
          1.0305488109588623
        ],
        [
          0.0,
          0.0,
          0.0,
          1.0
        ]
      ]
    },
    {
      "img_id": 2,
      "aud_id": 2,
      "transform_matrix": [
        [
          0.9998964071273804,
          -0.009917233139276505,
          -0.01043176744133234,
          -0.008377608843147755
        ],
        [
          0.012043416500091553,
          0.9733421206474304,
          0.2290414422750473,
          0.17695334553718567
        ],
        [
          0.007882221601903439,
          -0.22914335131645203,
          0.9733607769012451,
          1.0297212600708008
        ],
        [
          0.0,
          0.0,
          0.0,
          1.0
        ]
      ]
    },
    {
      "img_id": 3,
      "aud_id": 3,
      "transform_matrix": [
        [
          0.9999206066131592,
          -0.00746891787275672,
          -0.010146408341825008,
          -0.008362162858247757
        ],
        [
          0.009516448713839054,
          0.9755093455314636,
          0.21975207328796387,
          0.16711752116680145
        ],
        [
          0.008256606757640839,
          -0.219831183552742,
          0.9755029678344727,
          1.0301668643951416
        ],
        [
          0.0,
          0.0,
          0.0,
          1.0
        ]
      ]
    },
    {
      "img_id": 4,
      "aud_id": 4,
      "transform_matrix": [
        [
          0.9999074339866638,
          -0.00846991129219532,
          -0.010647270828485489,
          -0.008626025170087814
        ],
        [
          0.010613447055220604,
          0.9752309918403625,
          0.22093410789966583,
          0.16810068488121033
        ],
        [
          0.008512255735695362,
          -0.22102665901184082,
          0.9752306342124939,
          1.0297660827636719
        ],
        [
          0.0,
          0.0,
          0.0,
          1.0
        ]
      ]
    },
    {
      "img_id": 5,
      "aud_id": 5,
      "transform_matrix": [
        [
          0.9999364614486694,
          -0.0058606937527656555,
          -0.00963268056511879,
          -0.007745224982500076
        ],
        [
          0.007792629301548004,
          0.9766448736190796,
          0.21471889317035675,
          0.161274254322052
        ],
        [
          0.008149304427206516,
          -0.2147802859544754,
          0.9766284227371216,
          1.0302988290786743
        ],
        [
          0.0,
          0.0,
          0.0,
          1.0
        ]
      ]
    },
    {
      "img_id": 6,
      "aud_id": 6,
      "transform_matrix": [
        [
          0.9999490976333618,
          -0.005428642965853214,
          -0.008508654311299324,
          -0.0064044250175356865
        ],
        [
          0.007094221189618111,
          0.9776875972747803,
          0.20994417369365692,
          0.15595915913581848
        ],
        [
          0.007179093547165394,
          -0.20999383926391602,
          0.9776763916015625,
          1.0306541919708252
        ],
        [
          0.0,
          0.0,
          0.0,
          1.0
        ]
      ]
    },
    {
      "img_id": 7,
      "aud_id": 7,
      "transform_matrix": [
        [
          0.9999597072601318,
          -0.006036233156919479,
          -0.006643891334533691,
          -0.0042736101895570755
        ],
        [
          0.007290024310350418,
          0.9779525399208069,
          0.20870019495487213,
          0.15451601147651672
        ],
        [
          0.005237647332251072,
          -0.2087402194738388,
          0.9779571294784546,
          1.0309873819351196
        ],
        [
          0.0,
          0.0,
          0.0,
          1.0
        ]
      ]
    },
    {
      "img_id": 8,
      "aud_id": 8,
      "transform_matrix": [
        [
          0.9999647736549377,
          -0.007064053788781166,
          -0.0045349737629294395,
          -0.0017982653807848692
        ],
        [
          0.007870989851653576,
          0.9767984747886658,
          0.21401561796665192,
          0.16010352969169617
        ],
        [
          0.002917937934398651,
          -0.2140437811613083,
          0.9768197536468506,
          1.030553936958313
        ],
        [
          0.0,
          0.0,
          0.0,
          1.0
        ]
      ]
    },
    {
      "img_id": 9,
      "aud_id": 9,
      "transform_matrix": [
        [
          0.9999896287918091,
          -0.004117799457162619,
          -0.0019334291573613882,
          0.0005961537826806307
        ],
        [
          0.004447823856025934,
          0.9742109179496765,
          0.22559544444084167,
          0.17248132824897766
        ],
        [
          0.0009546109358780086,
          -0.22560171782970428,
          0.9742191433906555,
          1.0293539762496948
        ],
        [
          0.0,
          0.0,
          0.0,
          1.0
        ]
      ]
    },
    {
      "img_id": 10,
      "aud_id": 10,
      "transform_matrix": [
        [
          0.9999997615814209,
          -0.0006509992526844144,
          -0.00028124035452492535,
          0.002038134727627039
        ],
        [
          0.0006993365823291242,
          0.9710455536842346,
          0.23889335989952087,
          0.18644112348556519
        ],
        [
          0.00011757778702303767,
          -0.23889349400997162,
          0.9710457921028137,
          1.0272353887557983
        ],
        [
          0.0,
          0.0,
          0.0,
          1.0
        ]
      ]
    },
    {
      "img_id": 11,
      "aud_id": 11,
      "transform_matrix": [
        [
          0.9999998807907104,
          0.0001285051548620686,
          -0.000501312839332968,
          0.001933510648086667
        ],
        [
          1.106130866901367e-06,
          0.9681479334831238,
          0.25037887692451477,
          0.1982986479997635
        ],
        [
          0.0005175199476070702,
          -0.2503788471221924,
          0.9681478142738342,
          1.0249347686767578
        ],
        [
          0.0,
          0.0,
          0.0,
          1.0
        ]
      ]
    },
    {
      "img_id": 12,
      "aud_id": 12,
      "transform_matrix": [
        [
          0.9999909996986389,
          0.0031801352743059397,
          -0.002820294816046953,
          -0.0008458765223622322
        ],
        [
          -0.002376275835558772,
          0.9683976769447327,
          0.24939990043640137,
          0.19715355336666107
        ],
        [
          0.003524292027577758,
          -0.24939094483852386,
          0.9683964848518372,
          1.0243628025054932
        ],
        [
          0.0,
          0.0,
          0.0,
          1.0
        ]
      ]
    },
    {
      "img_id": 13,
      "aud_id": 13,
      "transform_matrix": [
        [
          0.9999732375144958,
          0.005632838234305382,
          -0.004669991321861744,
          -0.0029414109885692596
        ],
        [
          -0.0043087126687169075,
          0.9691657423973083,
          0.246372252702713,
          0.1938869059085846
        ],
        [
          0.005913770291954279,
          -0.24634554982185364,
          0.9691640734672546,
          1.023767113685608
        ],
        [
          0.0,
          0.0,
          0.0,
          1.0
        ]
      ]
    },
    {
      "img_id": 14,
      "aud_id": 14,
      "transform_matrix": [
        [
          0.9999462366104126,
          0.007810705807060003,
          -0.006818885449320078,
          -0.0054086861200630665
        ],
        [
          -0.005949735175818205,
          0.9708582758903503,
          0.23958058655261993,
          0.18664732575416565
        ],
        [
          0.008491463959217072,
          -0.2395271360874176,
          0.9708525538444519,
          1.0239542722702026
        ],
        [
          0.0,
          0.0,
          0.0,
          1.0
        ]
      ]
    },
    {
      "img_id": 15,
      "aud_id": 15,
      "transform_matrix": [
        [
          0.9999228715896606,
          0.010384529829025269,
          -0.006807480473071337,
          -0.005688884295523167
        ],
        [
          -0.00847653765231371,
          0.9714979529380798,
          0.2368960678577423,
          0.1837272047996521
        ],
        [
          0.009073507972061634,
          -0.23682008683681488,
          0.9715111255645752,
          1.0237659215927124
        ],
        [
          0.0,
          0.0,
          0.0,
          1.0
        ]
      ]
    },
    {
      "img_id": 16,
      "aud_id": 16,
      "transform_matrix": [
        [
          0.9999189972877502,
          0.011658976785838604,
          -0.005108690354973078,
          -0.004046968184411526
        ],
        [
          -0.01015725638717413,
          0.9727050065994263,
          0.23182295262813568,
          0.1781853884458542
        ],
        [
          0.007672066800296307,
          -0.23175227642059326,
          0.9727445244789124,
          1.0242085456848145
        ],
        [
          0.0,
          0.0,
          0.0,
          1.0
        ]
      ]
    },
    {
      "img_id": 17,
      "aud_id": 17,
      "transform_matrix": [
        [
          0.9998974800109863,
          0.013636729680001736,
          -0.004369970411062241,
          -0.0035799492616206408
        ],
        [
          -0.01225531380623579,
          0.972772479057312,
          0.2314380705356598,
          0.1774003803730011
        ],
        [
          0.007407044991850853,
          -0.2313607782125473,
          0.9728398323059082,
          1.0243546962738037
        ],
        [
          0.0,
          0.0,
          0.0,
          1.0
        ]
      ]
    },
    {
      "img_id": 18,
      "aud_id": 18,
      "transform_matrix": [
        [
          0.99989914894104,
          0.013969682157039642,
          -0.0025636760983616114,
          -0.001960321795195341
        ],
        [
          -0.012993230484426022,
          0.9726037383079529,
          0.232106015086174,
          0.17782267928123474
        ],
        [
          0.00573588814586401,
          -0.23204928636550903,
          0.9726871252059937,
          1.0250951051712036
        ],
        [
          0.0,
          0.0,
          0.0,
          1.0
        ]
      ]
    },
    {
      "img_id": 19,
      "aud_id": 19,
      "transform_matrix": [
        [
          0.9999178051948547,
          0.012565968558192253,
          -0.002548067830502987,
          -0.001695835730060935
        ],
        [
          -0.011662893928587437,
          0.973965048789978,
          0.22639815509319305,
          0.17187970876693726
        ],
        [
          0.005326640792191029,
          -0.2263498306274414,
          0.9740315079689026,
          1.026719093322754
        ],
        [
          0.0,
          0.0,
          0.0,
          1.0
        ]
      ]
    },
    {
      "img_id": 20,
      "aud_id": 20,
      "transform_matrix": [
        [
          0.9999357461929321,
          0.01072283647954464,
          -0.0036734146997332573,
          -0.0026390026323497295
        ],
        [
          -0.009661017917096615,
          0.9757821559906006,
          0.21853111684322357,
          0.16369085013866425
        ],
        [
          0.005927725695073605,
          -0.21848158538341522,
          0.9758230447769165,
          1.0285286903381348
        ],
        [
          0.0,
          0.0,
          0.0,
          1.0
        ]
      ]
    },
    {
      "img_id": 21,
      "aud_id": 21,
      "transform_matrix": [
        [
          0.9999650120735168,
          0.007249712012708187,
          -0.004171730950474739,
          -0.002661364385858178
        ],
        [
          -0.006235778331756592,
          0.9785639643669128,
          0.20584888756275177,
          0.15036308765411377
        ],
        [
          0.005574650596827269,
          -0.2058156579732895,
          0.9785749316215515,
          1.0303515195846558
        ],
        [
          0.0,
          0.0,
          0.0,
          1.0
        ]
      ]
    },
    {
      "img_id": 22,
      "aud_id": 22,
      "transform_matrix": [
        [
          0.9999563097953796,
          0.008363342843949795,
          -0.0041781323961913586,
          -0.0028770577628165483
        ],
        [
          -0.00735896360129118,
          0.9797728061676025,
          0.1999777853488922,
          0.1441941261291504
        ],
        [
          0.00576610304415226,
          -0.19993829727172852,
          0.979791522026062,
          1.0310815572738647
        ],
        [
          0.0,
          0.0,
          0.0,
          1.0
        ]
      ]
    },
    {
      "img_id": 23,
      "aud_id": 23,
      "transform_matrix": [
        [
          0.9999358057975769,
          0.01036018505692482,
          -0.004594042897224426,
          -0.0037808483466506004
        ],
        [
          -0.009206852875649929,
          0.9789762496948242,
          0.2037665843963623,
          0.1478419005870819
        ],
        [
          0.006608517374843359,
          -0.20371119678020477,
          0.9790087938308716,
          1.0311046838760376
        ],
        [
          0.0,
          0.0,
          0.0,
          1.0
        ]
      ]
    },
    {
      "img_id": 24,
      "aud_id": 24,
      "transform_matrix": [
        [
          0.9999423027038574,
          0.010169082321226597,
          -0.0034679104574024677,
          -0.002633538329973817
        ],
        [
          -0.009251683950424194,
          0.9790692329406738,
          0.2033172845840454,
          0.14726462960243225
        ],
        [
          0.005462874658405781,
          -0.2032734751701355,
          0.9791067838668823,
          1.0318682193756104
        ],
        [
          0.0,
          0.0,
          0.0,
          1.0
        ]
      ]
    },
    {
      "img_id": 25,
      "aud_id": 25,
      "transform_matrix": [
        [
          0.9999451637268066,
          0.010405258275568485,
          -0.0011869685258716345,
          -0.00048567657358944416
        ],
        [
          -0.009947757236659527,
          0.9791334271430969,
          0.2029748409986496,
          0.14657440781593323
        ],
        [
          0.0032742060720920563,
          -0.20295190811157227,
          0.9791832566261292,
          1.032314658164978
        ],
        [
          0.0,
          0.0,
          0.0,
          1.0
        ]
      ]
    },
    {
      "img_id": 26,
      "aud_id": 26,
      "transform_matrix": [
        [
          0.999959409236908,
          0.008916187100112438,
          -0.0013003229396417737,
          -0.0005061450647190213
        ],
        [
          -0.008466323837637901,
          0.9791245460510254,
          0.20308515429496765,
          0.14654603600502014
        ],
        [
          0.003083922667428851,
          -0.203065887093544,
          0.9791602492332458,
          1.0322034358978271
        ],
        [
          0.0,
          0.0,
          0.0,
          1.0
        ]
      ]
    },
    {
      "img_id": 27,
      "aud_id": 27,
      "transform_matrix": [
        [
          0.9999767541885376,
          0.006450275890529156,
          -0.0022220010869205,
          -0.0011017965152859688
        ],
        [
          -0.005863332189619541,
          0.9790681004524231,
          0.20344865322113037,
          0.14715375006198883
        ],
        [
          0.0034877900034189224,
          -0.2034308761358261,
          0.9790831208229065,
          1.0321400165557861
        ],
        [
          0.0,
          0.0,
          0.0,
          1.0
        ]
      ]
    },
    {
      "img_id": 28,
      "aud_id": 28,
      "transform_matrix": [
        [
          0.999971866607666,
          0.007051876746118069,
          -0.002552391029894352,
          -0.0015481067821383476
        ],
        [
          -0.006383219733834267,
          0.9789652228355408,
          0.20392724871635437,
          0.14754286408424377
        ],
        [
          0.003936771769076586,
          -0.20390522480010986,
          0.9789827466011047,
          1.0323052406311035
        ],
        [
          0.0,
          0.0,
          0.0,
          1.0
        ]
      ]
    },
    {
      "img_id": 29,
      "aud_id": 29,
      "transform_matrix": [
        [
          0.9999666810035706,
          0.007081103511154652,
          -0.004061961080878973,
          -0.00313856010325253
        ],
        [
          -0.006097347475588322,
          0.9787152409553528,
          0.20513242483139038,
          0.1486644744873047
        ],
        [
          0.005428067408502102,
          -0.20510081946849823,
          0.978725790977478,
          1.0322164297103882
        ],
        [
          0.0,
          0.0,
          0.0,
          1.0
        ]
      ]
    },
    {
      "img_id": 30,
      "aud_id": 30,
      "transform_matrix": [
        [
          0.9999634027481079,
          0.007443517446517944,
          -0.00422908179461956,
          -0.003304282668977976
        ],
        [
          -0.006417057476937771,
          0.9786869287490845,
          0.20525765419006348,
          0.148578941822052
        ],
        [
          0.005666786339133978,
          -0.2052229940891266,
          0.9786988496780396,
          1.0320730209350586
        ],
        [
          0.0,
          0.0,
          0.0,
          1.0
        ]
      ]
    },
    {
      "img_id": 31,
      "aud_id": 31,
      "transform_matrix": [
        [
          0.9999554753303528,
          0.00768791139125824,
          -0.005475202575325966,
          -0.004578770138323307
        ],
        [
          -0.0064082397148013115,
          0.9789150357246399,
          0.20416733622550964,
          0.14748801290988922
        ],
        [
          0.006929378025233746,
          -0.20412315428256989,
          0.9789206385612488,
          1.0317938327789307
        ],
        [
          0.0,
          0.0,
          0.0,
          1.0
        ]
      ]
    },
    {
      "img_id": 32,
      "aud_id": 32,
      "transform_matrix": [
        [
          0.9999679327011108,
          0.006399691570550203,
          -0.0048195477575063705,
          -0.0035615572705864906
        ],
        [
          -0.005274408962577581,
          0.9786988496780396,
          0.20523326098918915,
          0.14904122054576874
        ],
        [
          0.006030315533280373,
          -0.20520125329494476,
          0.9787011742591858,
          1.0310899019241333
        ],
        [
          0.0,
          0.0,
          0.0,
          1.0
        ]
      ]
    },
    {
      "img_id": 33,
      "aud_id": 33,
      "transform_matrix": [
        [
          0.9999801516532898,
          0.004559953231364489,
          -0.0043571582064032555,
          -0.002576075494289398
        ],
        [
          -0.0035475105978548527,
          0.9778637290000916,
          0.20921269059181213,
          0.15346631407737732
        ],
        [
          0.005214706528931856,
          -0.20919306576251984,
          0.9778604507446289,
          1.030045509338379
        ],
        [
          0.0,
          0.0,
          0.0,
          1.0
        ]
      ]
    },
    {
      "img_id": 34,
      "aud_id": 34,
      "transform_matrix": [
        [
          0.9999885559082031,
          0.0031846538186073303,
          -0.003559448989108205,
          -0.001523071900010109
        ],
        [
          -0.002332843141630292,
          0.9759839177131653,
          0.2178298979997635,
          0.16261984407901764
        ],
        [
          0.0041676783002913,
          -0.21781910955905914,
          0.975980281829834,
          1.0286678075790405
        ],
        [
          0.0,
          0.0,
          0.0,
          1.0
        ]
      ]
    },
    {
      "img_id": 35,
      "aud_id": 35,
      "transform_matrix": [
        [
          0.9999947547912598,
          0.0005471209296956658,
          -0.0031945325899869204,
          -0.0010045859962701797
        ],
        [
          0.00018568200175650418,
          0.9743584990501404,
          0.22500097751617432,
          0.17043420672416687
        ],
        [
          0.00323572289198637,
          -0.22500038146972656,
          0.9743532538414001,
          1.0278258323669434
        ],
        [
          0.0,
          0.0,
          0.0,
          1.0
        ]
      ]
    },
    {
      "img_id": 36,
      "aud_id": 36,
      "transform_matrix": [
        [
          0.9999761581420898,
          -0.0036154226399958134,
          -0.0058889626525342464,
          -0.0033589317463338375
        ],
        [
          0.004864601884037256,
          0.973572313785553,
          0.22832722961902618,
          0.1743391752243042
        ],
        [
          0.004907831083983183,
          -0.2283504158258438,
          0.9735666513442993,
          1.0276296138763428
        ],
        [
          0.0,
          0.0,
          0.0,
          1.0
        ]
      ]
    },
    {
      "img_id": 37,
      "aud_id": 37,
      "transform_matrix": [
        [
          0.9999539256095886,
          -0.006694376468658447,
          -0.006884250324219465,
          -0.004179493524134159
        ],
        [
          0.008052648976445198,
          0.9751462936401367,
          0.22141574323177338,
          0.16743603348731995
        ],
        [
          0.005230910610407591,
          -0.2214609831571579,
          0.975155234336853,
          1.0289695262908936
        ],
        [
          0.0,
          0.0,
          0.0,
          1.0
        ]
      ]
    },
    {
      "img_id": 38,
      "aud_id": 38,
      "transform_matrix": [
        [
          0.9999377131462097,
          -0.006686587817966938,
          -0.008933457545936108,
          -0.006698313169181347
        ],
        [
          0.008510337211191654,
          0.9747909903526306,
          0.2229575365781784,
          0.1695772111415863
        ],
        [
          0.007217429578304291,
          -0.22301967442035675,
          0.9747872352600098,
          1.0301607847213745
        ],
        [
          0.0,
          0.0,
          0.0,
          1.0
        ]
      ]
    },
    {
      "img_id": 39,
      "aud_id": 39,
      "transform_matrix": [
        [
          0.9999101758003235,
          -0.008107094094157219,
          -0.010674260556697845,
          -0.008460476994514465
        ],
        [
          0.010258715599775314,
          0.9754096269607544,
          0.2201610654592514,
          0.16712698340415955
        ],
        [
          0.008626909926533699,
          -0.22025080025196075,
          0.9754051566123962,
          1.0318686962127686
        ],
        [
          0.0,
          0.0,
          0.0,
          1.0
        ]
      ]
    },
    {
      "img_id": 40,
      "aud_id": 40,
      "transform_matrix": [
        [
          0.9998528361320496,
          -0.0098595404997468,
          -0.014037040993571281,
          -0.011801641434431076
        ],
        [
          0.012736324220895767,
          0.974856436252594,
          0.2224695384502411,
          0.1697773039340973
        ],
        [
          0.011490652337670326,
          -0.2226155698299408,
          0.9748385548591614,
          1.0329755544662476
        ],
        [
          0.0,
          0.0,
          0.0,
          1.0
        ]
      ]
    },
    {
      "img_id": 41,
      "aud_id": 41,
      "transform_matrix": [
        [
          0.9998377561569214,
          -0.009931109845638275,
          -0.015030128881335258,
          -0.013022758066654205
        ],
        [
          0.013066410087049007,
          0.9741455912590027,
          0.22554324567317963,
          0.17322605848312378
        ],
        [
          0.012401637621223927,
          -0.22570303082466125,
          0.9741172194480896,
          1.0336650609970093
        ],
        [
          0.0,
          0.0,
          0.0,
          1.0
        ]
      ]
    },
    {
      "img_id": 42,
      "aud_id": 42,
      "transform_matrix": [
        [
          0.9998910427093506,
          -0.006486884318292141,
          -0.013257267884910107,
          -0.011498798616230488
        ],
        [
          0.009420529939234257,
          0.971967875957489,
          0.23492476344108582,
          0.18351750075817108
        ],
        [
          0.011361709795892239,
          -0.23502406477928162,
          0.9719231128692627,
          1.033069372177124
        ],
        [
          0.0,
          0.0,
          0.0,
          1.0
        ]
      ]
    },
    {
      "img_id": 43,
      "aud_id": 43,
      "transform_matrix": [
        [
          0.9998887777328491,
          -0.004601449705660343,
          -0.014187240973114967,
          -0.01281304843723774
        ],
        [
          0.007894213311374187,
          0.9703302979469299,
          0.2416544407606125,
          0.1904299110174179
        ],
        [
          0.012654348276555538,
          -0.24173957109451294,
          0.9702587127685547,
          1.032403826713562
        ],
        [
          0.0,
          0.0,
          0.0,
          1.0
        ]
      ]
    },
    {
      "img_id": 44,
      "aud_id": 44,
      "transform_matrix": [
        [
          0.9998922944068909,
          -0.004629315342754126,
          -0.013924283906817436,
          -0.012466100044548512
        ],
        [
          0.007885425351560116,
          0.9697864055633545,
          0.2438279390335083,
          0.19245535135269165
        ],
        [
          0.012374825775623322,
          -0.243911474943161,
          0.9697185158729553,
          1.032012939453125
        ],
        [
          0.0,
          0.0,
          0.0,
          1.0
        ]
      ]
    },
    {
      "img_id": 45,
      "aud_id": 45,
      "transform_matrix": [
        [
          0.9999077320098877,
          -0.0064875101670622826,
          -0.011938415467739105,
          -0.010115197859704494
        ],
        [
          0.00910460576415062,
          0.9721229672431946,
          0.23429469764232635,
          0.1822727918624878
        ],
        [
          0.010085619054734707,
          -0.234381765127182,
          0.97209233045578,
          1.0330735445022583
        ],
        [
          0.0,
          0.0,
          0.0,
          1.0
        ]
      ]
    },
    {
      "img_id": 46,
      "aud_id": 46,
      "transform_matrix": [
        [
          0.9998770356178284,
          -0.010330072604119778,
          -0.011798342689871788,
          -0.009555138647556305
        ],
        [
          0.012710034847259521,
          0.9745325446128845,
          0.22388571500778198,
          0.17092405259609222
        ],
        [
          0.009185113944113255,
          -0.22400814294815063,
          0.9745439887046814,
          1.0337036848068237
        ],
        [
          0.0,
          0.0,
          0.0,
          1.0
        ]
      ]
    },
    {
      "img_id": 47,
      "aud_id": 47,
      "transform_matrix": [
        [
          0.999900758266449,
          -0.009201004169881344,
          -0.010666975751519203,
          -0.008516868576407433
        ],
        [
          0.011266879737377167,
          0.9768754839897156,
          0.21351191401481628,
          0.15948206186294556
        ],
        [
          0.008455782197415829,
          -0.21361090242862701,
          0.9768822193145752,
          1.0342522859573364
        ],
        [
          0.0,
          0.0,
          0.0,
          1.0
        ]
      ]
    },
    {
      "img_id": 48,
      "aud_id": 48,
      "transform_matrix": [
        [
          0.9999374747276306,
          -0.0077587622217834,
          -0.008047427050769329,
          -0.006013017147779465
        ],
        [
          0.009255644865334034,
          0.9783343076705933,
          0.20682422816753387,
          0.15200583636760712
        ],
        [
          0.0062683746218681335,
          -0.20688578486442566,
          0.9783449769020081,
          1.0346438884735107
        ],
        [
          0.0,
          0.0,
          0.0,
          1.0
        ]
      ]
    },
    {
      "img_id": 49,
      "aud_id": 49,
      "transform_matrix": [
        [
          0.9999067783355713,
          -0.010427495464682579,
          -0.008813298307359219,
          -0.006570921279489994
        ],
        [
          0.011983010917901993,
          0.9796252846717834,
          0.2004760503768921,
          0.1451442837715149
        ],
        [
          0.006543267052620649,
          -0.200562983751297,
          0.9796589612960815,
          1.0354914665222168
        ],
        [
          0.0,
          0.0,
          0.0,
          1.0
        ]
      ]
    },
    {
      "img_id": 50,
      "aud_id": 50,
      "transform_matrix": [
        [
          0.9999162554740906,
          -0.010384398512542248,
          -0.007719832006841898,
          -0.005727700889110565
        ],
        [
          0.011723420582711697,
          0.97955721616745,
          0.20082393288612366,
          0.14554500579833984
        ],
        [
          0.005476580932736397,
          -0.20089761912822723,
          0.9795969128608704,
          1.0361168384552002
        ],
        [
          0.0,
          0.0,
          0.0,
          1.0
        ]
      ]
    },
    {
      "img_id": 51,
      "aud_id": 51,
      "transform_matrix": [
        [
          0.9999455809593201,
          -0.008111762814223766,
          -0.0065559400245547295,
          -0.005170638207346201
        ],
        [
          0.009261758998036385,
          0.9796456694602966,
          0.20052063465118408,
          0.14522132277488708
        ],
        [
          0.004795922432094812,
          -0.20057044923305511,
          0.9796675443649292,
          1.0366870164871216
        ],
        [
          0.0,
          0.0,
          0.0,
          1.0
        ]
      ]
    },
    {
      "img_id": 52,
      "aud_id": 52,
      "transform_matrix": [
        [
          0.9998977780342102,
          -0.012122821062803268,
          -0.007584624458104372,
          -0.00605230126529932
        ],
        [
          0.0134049067273736,
          0.9793084859848022,
          0.2019287794828415,
          0.14674147963523865
        ],
        [
          0.0049797408282756805,
          -0.20200979709625244,
          0.9793708324432373,
          1.0374423265457153
        ],
        [
          0.0,
          0.0,
          0.0,
          1.0
        ]
      ]
    },
    {
      "img_id": 53,
      "aud_id": 53,
      "transform_matrix": [
        [
          0.9998957514762878,
          -0.01235353946685791,
          -0.007469316478818655,
          -0.006145752966403961
        ],
        [
          0.013604079373180866,
          0.9794518947601318,
          0.20121857523918152,
          0.1459953635931015
        ],
        [
          0.004830074962228537,
          -0.20129920542240143,
          0.9795178771018982,
          1.0387814044952393
        ],
        [
          0.0,
          0.0,
          0.0,
          1.0
        ]
      ]
    },
    {
      "img_id": 54,
      "aud_id": 54,
      "transform_matrix": [
        [
          0.9999008774757385,
          -0.012521369382739067,
          -0.006439756136387587,
          -0.005170346237719059
        ],
        [
          0.013500800356268883,
          0.9824588298797607,
          0.18599021434783936,
          0.12976199388504028
        ],
        [
          0.00399794289842248,
          -0.18605871498584747,
          0.9825304746627808,
          1.0405292510986328
        ],
        [
          0.0,
          0.0,
          0.0,
          1.0
        ]
      ]
    },
    {
      "img_id": 55,
      "aud_id": 55,
      "transform_matrix": [
        [
          0.9998717308044434,
          -0.014479686506092548,
          -0.0068453215062618256,
          -0.005533952731639147
        ],
        [
          0.015473243780434132,
          0.9836459159851074,
          0.1794472336769104,
          0.12274735420942307
        ],
        [
          0.0041350326500833035,
          -0.17953014373779297,
          0.9837437868118286,
          1.0408425331115723
        ],
        [
          0.0,
          0.0,
          0.0,
          1.0
        ]
      ]
    },
    {
      "img_id": 56,
      "aud_id": 56,
      "transform_matrix": [
        [
          0.9998576641082764,
          -0.01610693149268627,
          -0.005027351900935173,
          -0.0038022983353585005
        ],
        [
          0.016744423657655716,
          0.9839091897010803,
          0.17788316309452057,
          0.1211179792881012
        ],
        [
          0.002081305254250765,
          -0.17794200778007507,
          0.9840388298034668,
          1.0404657125473022
        ],
        [
          0.0,
          0.0,
          0.0,
          1.0
        ]
      ]
    },
    {
      "img_id": 57,
      "aud_id": 57,
      "transform_matrix": [
        [
          0.9997829794883728,
          -0.020299570634961128,
          -0.004679668694734573,
          -0.003315660636872053
        ],
        [
          0.020809005945920944,
          0.9837058186531067,
          0.17857693135738373,
          0.1218397468328476
        ],
        [
          0.0009783823043107986,
          -0.17863555252552032,
          0.9839147925376892,
          1.0399445295333862
        ],
        [
          0.0,
          0.0,
          0.0,
          1.0
        ]
      ]
    },
    {
      "img_id": 58,
      "aud_id": 58,
      "transform_matrix": [
        [
          0.9997398853302002,
          -0.022003453224897385,
          -0.006007499992847443,
          -0.00472657848149538
        ],
        [
          0.02272133156657219,
          0.9837868809700012,
          0.1778963804244995,
          0.12096285074949265
        ],
        [
          0.0019957649055868387,
          -0.17798660695552826,
          0.9840309619903564,
          1.0391727685928345
        ],
        [
          0.0,
          0.0,
          0.0,
          1.0
        ]
      ]
    },
    {
      "img_id": 59,
      "aud_id": 59,
      "transform_matrix": [
        [
          0.9997473359107971,
          -0.021549232304096222,
          -0.006401236169040203,
          -0.005440590903162956
        ],
        [
          0.022370198741555214,
          0.9817777276039124,
          0.18871192634105682,
          0.13231873512268066
        ],
        [
          0.0022179936058819294,
          -0.1888074278831482,
          0.9820116758346558,
          1.0374939441680908
        ],
        [
          0.0,
          0.0,
          0.0,
          1.0
        ]
      ]
    },
    {
      "img_id": 60,
      "aud_id": 60,
      "transform_matrix": [
        [
          0.9997445344924927,
          -0.021566718816757202,
          -0.006763593293726444,
          -0.006030184216797352
        ],
        [
          0.022493833675980568,
          0.9786481857299805,
          0.20430804789066315,
          0.14895105361938477
        ],
        [
          0.0022129237186163664,
          -0.20440798997879028,
          0.9788832664489746,
          1.035378098487854
        ],
        [
          0.0,
          0.0,
          0.0,
          1.0
        ]
      ]
    },
    {
      "img_id": 61,
      "aud_id": 61,
      "transform_matrix": [
        [
          0.9997588992118835,
          -0.019803788512945175,
          -0.009485045447945595,
          -0.009224358014762402
        ],
        [
          0.021368328481912613,
          0.976896345615387,
          0.21264293789863586,
          0.1583249270915985
        ],
        [
          0.005054770037531853,
          -0.21279436349868774,
          0.9770839810371399,
          1.0342609882354736
        ],
        [
          0.0,
          0.0,
          0.0,
          1.0
        ]
      ]
    },
    {
      "img_id": 62,
      "aud_id": 62,
      "transform_matrix": [
        [
          0.9998128414154053,
          -0.015597952529788017,
          -0.011446229182183743,
          -0.011835918761789799
        ],
        [
          0.017711414024233818,
          0.9759971499443054,
          0.21706214547157288,
          0.1636575162410736
        ],
        [
          0.007785761263221502,
          -0.21722425520420074,
          0.9760907292366028,
          1.0337004661560059
        ],
        [
          0.0,
          0.0,
          0.0,
          1.0
        ]
      ]
    },
    {
      "img_id": 63,
      "aud_id": 63,
      "transform_matrix": [
        [
          0.9998366236686707,
          -0.013281998224556446,
          -0.012256616726517677,
          -0.012998524121940136
        ],
        [
          0.015599312260746956,
          0.9766808748245239,
          0.21412847936153412,
          0.16139701008796692
        ],
        [
          0.009126749821007252,
          -0.21428470313549042,
          0.9767285585403442,
          1.0340219736099243
        ],
        [
          0.0,
          0.0,
          0.0,
          1.0
        ]
      ]
    },
    {
      "img_id": 64,
      "aud_id": 64,
      "transform_matrix": [
        [
          0.999870777130127,
          -0.01224219985306263,
          -0.010420156642794609,
          -0.01115286536514759
        ],
        [
          0.014215076342225075,
          0.9759858846664429,
          0.21736957132816315,
          0.1650645136833191
        ],
        [
          0.007508843671530485,
          -0.2174896001815796,
          0.9760337471961975,
          1.034635305404663
        ],
        [
          0.0,
          0.0,
          0.0,
          1.0
        ]
      ]
    },
    {
      "img_id": 65,
      "aud_id": 65,
      "transform_matrix": [
        [
          0.999891996383667,
          -0.01288522221148014,
          -0.007064406760036945,
          -0.007463522255420685
        ],
        [
          0.014124497771263123,
          0.9753656983375549,
          0.22014157474040985,
          0.16798914968967438
        ],
        [
          0.004053806886076927,
          -0.22021758556365967,
          0.9754423499107361,
          1.0350574254989624
        ],
        [
          0.0,
          0.0,
          0.0,
          1.0
        ]
      ]
    },
    {
      "img_id": 66,
      "aud_id": 66,
      "transform_matrix": [
        [
